p5000_g+4.5_m0.0_t00_st_z+0.00_a+0.00_c+0.00_n+0.00_o+0.00_r+0.00_s+0.00
  5000.      Teff [K].         Last iteration; yyyymmdd=20080519
  3.5440E+10 Flux [erg/cm2/s]
  3.1623E+04 Surface gravity [cm/s2]
  0.0        Microturbulence parameter [km/s]
  0.0        No mass for plane-parallel models
 +0.00 +0.00 Metallicity [Fe/H] and [alpha/Fe]
  1.0000E+00 1 cm radius for plane-parallel models
  1.1661E-22 Luminosity [Lsun] FOR A RADIUS OF 1 cm!
  1.50 8.00 0.076 0.00 are the convection parameters: alpha, nu, y and beta
  0.73826 0.24954 1.22E-02 are X, Y and Z, 12C/13C=89 (=solar)
Logarithmic chemical number abundances, H always 12.00
  12.00  10.93   1.05   1.38   2.70   8.39   7.78   8.66   4.56   7.84
   6.17   7.53   6.37   7.51   5.36   7.14   5.50   6.18   5.08   6.31
   3.17   4.90   4.00   5.64   5.39   7.45   4.92   6.23   4.21   4.60
   2.88   3.58   2.29   3.33   2.56   3.25   2.60   2.92   2.21   2.58
   1.42   1.92 -99.00   1.84   1.12   1.66   0.94   1.77   1.60   2.00
   1.00   2.19   1.51   2.24   1.07   2.17   1.13   1.70   0.58   1.45
 -99.00   1.00   0.52   1.11   0.28   1.14   0.51   0.93   0.00   1.08
   0.06   0.88  -0.17   1.11   0.23   1.25   1.38   1.64   1.01   1.13
   0.90   2.00   0.65 -99.00 -99.00 -99.00 -99.00 -99.00 -99.00   0.06
 -99.00  -0.52
  56 Number of depth points
Model structure
 k lgTauR  lgTau5    Depth     T        Pe          Pg         Prad       Pturb
  1 -5.00 -4.6763 -5.066E+07  3483.6  1.1273E-02  4.3963E+02  8.3511E-01  0.0000E+00
  2 -4.80 -4.4817 -4.852E+07  3526.5  1.5271E-02  5.8288E+02  8.3523E-01  0.0000E+00
  3 -4.60 -4.2960 -4.652E+07  3573.8  2.0571E-02  7.5590E+02  8.3537E-01  0.0000E+00
  4 -4.40 -4.1150 -4.461E+07  3619.5  2.7259E-02  9.6750E+02  8.3556E-01  0.0000E+00
  5 -4.20 -3.9359 -4.273E+07  3664.0  3.5740E-02  1.2294E+03  8.3580E-01  0.0000E+00
  6 -4.00 -3.7571 -4.087E+07  3707.6  4.6514E-02  1.5561E+03  8.3610E-01  0.0000E+00
  7 -3.80 -3.5778 -3.900E+07  3750.6  6.0223E-02  1.9660E+03  8.3650E-01  0.0000E+00
  8 -3.60 -3.3975 -3.711E+07  3793.0  7.7659E-02  2.4824E+03  8.3703E-01  0.0000E+00
  9 -3.40 -3.2160 -3.521E+07  3834.9  9.9819E-02  3.1352E+03  8.3774E-01  0.0000E+00
 10 -3.20 -3.0333 -3.327E+07  3875.7  1.2785E-01  3.9633E+03  8.3869E-01  0.0000E+00
 11 -3.00 -2.8491 -3.131E+07  3914.9  1.6307E-01  5.0176E+03  8.4000E-01  0.0000E+00
 12 -2.90 -2.7567 -3.033E+07  3934.9  1.8429E-01  5.6489E+03  8.4082E-01  0.0000E+00
 13 -2.80 -2.6639 -2.936E+07  3954.2  2.0793E-01  6.3618E+03  8.4180E-01  0.0000E+00
 14 -2.70 -2.5708 -2.837E+07  3973.3  2.3443E-01  7.1679E+03  8.4297E-01  0.0000E+00
 15 -2.60 -2.4774 -2.737E+07  3992.1  2.6421E-01  8.0796E+03  8.4435E-01  0.0000E+00
 16 -2.50 -2.3838 -2.637E+07  4010.8  2.9763E-01  9.1103E+03  8.4601E-01  0.0000E+00
 17 -2.40 -2.2899 -2.536E+07  4029.4  3.3521E-01  1.0276E+04  8.4798E-01  0.0000E+00
 18 -2.30 -2.1958 -2.435E+07  4048.1  3.7761E-01  1.1596E+04  8.5037E-01  0.0000E+00
 19 -2.20 -2.1016 -2.332E+07  4067.1  4.2549E-01  1.3088E+04  8.5324E-01  0.0000E+00
 20 -2.10 -2.0071 -2.229E+07  4086.5  4.7980E-01  1.4777E+04  8.5672E-01  0.0000E+00
 21 -2.00 -1.9126 -2.125E+07  4106.5  5.4150E-01  1.6685E+04  8.6093E-01  0.0000E+00
 22 -1.90 -1.8180 -2.021E+07  4127.5  6.1210E-01  1.8839E+04  8.6607E-01  0.0000E+00
 23 -1.80 -1.7234 -1.916E+07  4149.6  6.9307E-01  2.1268E+04  8.7232E-01  0.0000E+00
 24 -1.70 -1.6288 -1.812E+07  4173.3  7.8662E-01  2.4004E+04  8.7995E-01  0.0000E+00
 25 -1.60 -1.5344 -1.706E+07  4199.0  8.9536E-01  2.7078E+04  8.8927E-01  0.0000E+00
 26 -1.50 -1.4402 -1.601E+07  4227.0  1.0224E+00  3.0525E+04  9.0068E-01  0.0000E+00
 27 -1.40 -1.3462 -1.496E+07  4257.7  1.1716E+00  3.4382E+04  9.1463E-01  0.0000E+00
 28 -1.30 -1.2525 -1.391E+07  4292.4  1.3501E+00  3.8684E+04  9.3174E-01  0.0000E+00
 29 -1.20 -1.1592 -1.287E+07  4330.9  1.5626E+00  4.3469E+04  9.5269E-01  0.0000E+00
 30 -1.10 -1.0663 -1.182E+07  4373.5  1.8169E+00  4.8776E+04  9.7836E-01  0.0000E+00
 31 -1.00 -0.9739 -1.078E+07  4422.6  2.1283E+00  5.4645E+04  1.0097E+00  0.0000E+00
 32 -0.90 -0.8820 -9.743E+06  4477.3  2.5055E+00  6.1115E+04  1.0482E+00  0.0000E+00
 33 -0.80 -0.7907 -8.707E+06  4539.6  2.9696E+00  6.8234E+04  1.0955E+00  0.0000E+00
 34 -0.70 -0.6999 -7.672E+06  4610.2  3.5410E+00  7.6056E+04  1.1534E+00  0.0000E+00
 35 -0.60 -0.6096 -6.635E+06  4690.3  4.2464E+00  8.4647E+04  1.2245E+00  0.0000E+00
 36 -0.50 -0.5197 -5.589E+06  4780.7  5.1169E+00  9.4100E+04  1.3118E+00  0.0000E+00
 37 -0.40 -0.4302 -4.529E+06  4882.8  6.1934E+00  1.0454E+05  1.4190E+00  0.0000E+00
 38 -0.30 -0.3408 -3.447E+06  4997.6  7.5291E+00  1.1612E+05  1.5510E+00  0.0000E+00
 39 -0.20 -0.2513 -2.333E+06  5126.8  9.2085E+00  1.2903E+05  1.7137E+00  0.0000E+00
 40 -0.10 -0.1615 -1.183E+06  5271.9  1.1386E+01  1.4347E+05  1.9149E+00  0.0000E+00
 41 -0.00 -0.0712  0.000E+00  5434.9  1.4403E+01  1.5954E+05  2.1643E+00  0.0000E+00
 42  0.10  0.0198  1.197E+06  5617.9  1.9019E+01  1.7700E+05  2.4751E+00  0.0000E+00
 43  0.20  0.1117  2.363E+06  5823.7  2.6860E+01  1.9516E+05  2.8638E+00  0.0000E+00
 44  0.30  0.2047  3.446E+06  6053.4  4.1004E+01  2.1289E+05  3.3515E+00  0.0000E+00
 45  0.40  0.2989  4.400E+06  6317.5  6.8161E+01  2.2907E+05  3.9669E+00  0.0000E+00
 46  0.50  0.3942  5.202E+06  6618.4  1.2122E+02  2.4288E+05  4.7273E+00  0.0000E+00
 47  0.60  0.4901  5.870E+06  6902.4  2.0501E+02  2.5443E+05  5.5896E+00  0.0000E+00
 48  0.70  0.5859  6.449E+06  7153.0  3.1936E+02  2.6453E+05  6.4897E+00  0.0000E+00
 49  0.80  0.6815  6.978E+06  7374.4  4.6435E+02  2.7382E+05  7.3812E+00  0.0000E+00
 50  0.90  0.7768  7.482E+06  7571.8  6.3980E+02  2.8273E+05  8.2420E+00  0.0000E+00
 51  1.00  0.8717  7.978E+06  7751.4  8.4738E+02  2.9156E+05  9.0760E+00  0.0000E+00
 52  1.20  1.0611  9.013E+06  8068.3  1.3607E+03  3.0981E+05  1.0677E+01  0.0000E+00
 53  1.40  1.2500  1.012E+07  8360.6  2.0571E+03  3.2980E+05  1.2317E+01  0.0000E+00
 54  1.60  1.4388  1.132E+07  8639.0  2.9917E+03  3.5237E+05  1.4043E+01  0.0000E+00
 55  1.80  1.6278  1.266E+07  8909.8  4.2391E+03  3.7837E+05  1.5890E+01  0.0000E+00
 56  2.00  1.8175  1.416E+07  9177.6  5.9000E+03  4.0874E+05  1.7887E+01  0.0000E+00
